25 0.0061514
10 0.0022029
35 0.0078015
16 0.0039173
57 0.0128459
54 0.0119875
35 0.0080629
64 0.0147142
53 0.0125456
46 0.0119504
63 0.0157854
60 0.0149228
69 0.016409
90 0.020675
83 0.0207104
100 0.0241318
109 0.0258412
114 0.0250722
123 0.0264827
108 0.0248959
117 0.026428
118 0.0274341
119 0.0272641
128 0.0283502
121 0.0285731
162 0.0352653
139 0.0315505
144 0.0312652
173 0.0398556
170 0.0382374
179 0.0391678
180 0.0394642
181 0.037477
166 0.0375224
183 0.0389402
180 0.0395567
185 0.0404655
186 0.0395642
223 0.0474381
216 0.0428195
205 0.0412521
242 0.0468709
219 0.0440991
240 0.0517918
253 0.0507166
254 0.0482065
235 0.0459172
252 0.0500478
257 0.0496779
266 0.0473122
255 0.0490998
260 0.0480407
293 0.0531573
290 0.0521255
299 0.0563527
312 0.0530359
305 0.0542118
294 0.0556944
327 0.0585736
296 0.0516099
301 0.0523995
314 0.0539705
323 0.0552098
316 0.0547984
345 0.0569353
354 0.0624998
339 0.0575209
336 0.0594815
353 0.05949
378 0.0604279
359 0.0589243
376 0.0600056
369 0.0605413
382 0.0611427
379 0.0615805
376 0.0632562
417 0.0650897
398 0.06218
403 0.0603313
416 0.0671243
417 0.0622664
410 0.0637895
447 0.0649661
416 0.0618184
433 0.0664368
434 0.0653161
455 0.066955
444 0.0654267
457 0.0640384
470 0.0688302
487 0.0691825
476 0.0669775
489 0.0669561
502 0.070448
475 0.0710942
500 0.0688537
509 0.0705025
522 0.0673364
515 0.0697406
532 0.06907
533 0.0723713
542 0.0689153
523 0.0679712
536 0.0672463
541 0.0705744
554 0.0696717
563 0.0717469
568 0.0696206
553 0.0700069
546 0.0675141
555 0.0738833
564 0.0732347
569 0.0711854
586 0.0706198
607 0.0738507
580 0.0716341
581 0.0765514
606 0.0835109
627 0.0722745
628 0.0771802
609 0.0721932
626 0.0701744
627 0.0732415
632 0.0742821
649 0.0727269
638 0.0741151
647 0.0739578
652 0.0748636
677 0.0799643
670 0.0740116
671 0.0770336
684 0.0745493
661 0.0725936
694 0.0758535
675 0.0736943
680 0.0748344
689 0.0758291
690 0.0782857
711 0.0772737
720 0.0762084
737 0.079028
706 0.0799599
731 0.0776937
728 0.1058
721 0.102779
754 0.0967528
739 0.0788825
748 0.081473
769 0.0800074
778 0.0805091
767 0.0796213
792 0.0835251
769 0.0883127
798 0.0872946
791 0.0939433
784 0.0942045
793 0.0812778
810 0.083377
803 0.0791209
808 0.0875348
833 0.105716
818 0.0793458
843 0.0842203
816 0.0781134
829 0.0815941
846 0.0825796
851 0.0917912
852 0.0858344
845 0.0817624
850 0.0815883
875 0.0806914
860 0.0827455
897 0.0803512
874 0.0813493
871 0.079215
896 0.0897973
893 0.0817907
910 0.0820754
923 0.079942
900 0.0822648
917 0.0811799
918 0.088282
935 0.0851107
924 0.0798575
921 0.0800874
926 0.0830901
931 0.0790233
972 0.0786095
965 0.0816923
982 0.080417
967 0.0838012
972 0.0809197
973 0.0822009
990 0.0827575
999 0.0824754
976 0.081097
1013 0.082013
998 0.0901618
1011 0.0854266
1012 0.0821124
