10 2978
11 3520
12 3930
13 4336
14 4528
15 5333
16 5393
17 5911
18 6108
19 5945
20 6917
21 6565
22 7719
23 7908
24 7928
25 8153
26 7941
27 9291
28 9460
29 9059
30 10365
31 10493
32 10921
33 11286
34 11377
35 11721
36 13175
37 15885
38 15919
39 13716
40 14946
41 20031
42 14824
43 15198
44 15811
45 16252
46 16889
47 17145
48 17505
49 22602
50 17798
51 18118
52 19328
53 21153
54 20521
55 19574
56 20108
57 21851
58 21904
59 22003
60 22944
61 22599
62 22887
63 24564
64 25531
65 29306
66 26298
67 26673
68 29169
69 25472
70 29812
71 28100
72 28863
73 28968
74 28985
75 29270
76 35668
77 29650
78 30932
79 32846
80 33257
81 32072
82 32031
83 31963
84 35595
85 36643
86 34991
87 34264
88 35032
89 36122
90 37585
91 38362
92 39046
93 37260
94 37381
95 37685
96 38963
97 43485
98 41614
99 40893
100 40115
101 41887
102 41693
103 40712
104 41513
105 43641
106 44067
107 44980
108 46381
109 45686
110 44422
111 46406
112 44267
113 46054
114 45871
115 47755
116 47317
117 47941
118 48263
119 50915
120 51898
121 52115
122 52588
123 50863
124 50768
125 51085
126 52445
127 52186
128 54466
129 52435
130 53409
131 57633
132 56252
133 54645
134 56388
135 55999
136 56087
137 57588
138 59290
139 58190
140 62013
141 60605
142 62017
143 58846
144 61740
145 60551
146 63129
147 62470
148 65061
149 62440
150 62646
151 62475
152 64536
153 65728
154 75452
155 64736
156 64387
157 70628
158 71295
159 75192
160 67096
161 71033
162 73064
163 67637
164 69966
165 71615
166 74457
167 73564
168 71780
169 70716
170 70308
171 72413
172 78872
173 76879
174 76916
175 77220
176 74890
177 73519
178 77872
179 77066
180 82635
181 80058
182 77104
183 85813
184 79080
185 81463
186 84829
187 85224
188 82350
189 80120
190 79708
191 88880
192 84864
193 81720
194 83851
195 85512
196 85294
197 86548
198 86763
199 94579
200 88000
