9 0.0009559
14 0.0013839
17 0.0020291
21 0.0020761
25 0.002642
28 0.0031356
35 0.0037218
36 0.0037396
40 0.004155
44 0.0048925
44 0.0045653
50 0.0053865
57 0.0060658
62 0.0067786
61 0.0062618
65 0.0075031
66 0.0067254
71 0.0075864
75 0.0084028
82 0.0105668
83 0.0095593
83 0.0096883
90 0.0106221
94 0.012076
96 0.0105054
98 0.0109027
100 0.0119074
104 0.0119043
117 0.0133531
120 0.0147024
120 0.0141649
117 0.0134032
123 0.0141683
128 0.0149473
138 0.016335
141 0.0185869
146 0.0182494
145 0.0175748
153 0.0176927
149 0.0176577
148 0.0164543
152 0.017432
154 0.0187932
155 0.0202462
159 0.0193565
176 0.0217188
164 0.0196755
172 0.0197944
182 0.0206318
185 0.0225285
180 0.0222426
185 0.0219799
186 0.0220772
183 0.0223208
196 0.0229485
190 0.0245013
211 0.0255663
204 0.0252752
216 0.0254168
220 0.0274689
209 0.0253963
225 0.0289458
218 0.026479
224 0.0272341
217 0.0279315
222 0.0266843
226 0.0280203
232 0.0287456
229 0.0279788
231 0.0278546
237 0.0295231
251 0.0317416
238 0.0294237
256 0.0329141
258 0.0319464
245 0.0295201
276 0.0362164
248 0.0314436
257 0.0301808
267 0.0320841
260 0.0330767
290 0.0370538
269 0.0325103
269 0.03249
272 0.0333747
278 0.0335429
304 0.0390468
294 0.0418136
287 0.0370422
313 0.0455432
292 0.0346739
298 0.0365711
292 0.0360123
300 0.0369523
296 0.0354571
303 0.0384155
322 0.0393748
306 0.0370112
312 0.0384564
313 0.0381143
343 0.0438097
